#IrOpenMapping
#Robot2 16.9923,2.4600,1.4720 0.0000,0.0000,-4.7124 
#Robot1 16.9760,0.6680,1.4720 0.0000,0.0000,-4.7124 
#Robot4 4.4640,36.8680,1.4720 0.0000,0.0000,-1.5708
#Robot3 4.4640,35.0760,1.4720 0.0000,0.0000,-1.5708 
Goal1 1.5254,36.0546,1.4720 0.0000,0.0000,0.0000
Goal2 5.1351,36.0150,1.4720 0.0000,0.0000,0.0000
Goal3 7.7262,36.0150,1.4720 0.0000,0.0000,0.0000 
Goal4 11.0689,36.0150,1.4720 0.0000,0.0000,0.0000 
Goal5 14.2039,35.9864,1.4720 0.0000,0.0000,0.0000 
Goal6 17.6652,35.9864,1.4720 0.0000,0.0000,0.0000 
Goal7 20.5134,35.9864,1.4720 0.0000,0.0000,0.0000 
Goal8 23.8265,35.9864,1.4720 0.0000,0.0000,0.0000 
Goal16 1.5254,29.8640,1.4720 0.0000,0.0000,0.0000 
Goal15 5.1351,29.7765,1.4720 0.0000,0.0000,0.0000 
Goal14 7.7262,29.7765,1.4720 0.0000,0.0000,0.0000 
Goal13 11.0689,29.7765,1.4720 0.0000,0.0000,0.0000 
Goal12 14.2039,29.7478,1.4720 0.0000,0.0000,0.0000 
Goal11 17.6652,29.7478,1.4720 0.0000,0.0000,0.0000 
Goal10 20.5134,29.7478,1.4720 0.0000,0.0000,0.0000 
Goal9 23.8265,29.7478,1.4720 0.0000,0.0000,0.0000 
Goal17 1.5254,23.3975,1.4166 0.0000,0.0000,0.0000 
Goal18 5.1351,23.3579,1.4720 0.0000,0.0000,0.0000 
Goal19 7.8712,23.3434,1.2881 0.0000,0.0000,0.0000 
Goal20 11.0689,23.3579,1.4720 0.0000,0.0000,0.0000 
Goal21 14.2039,23.3293,1.4720 0.0000,0.0000,0.0000 
Goal22 17.6652,23.3293,1.4720 0.0000,0.0000,0.0000 
Goal23 20.5134,23.3293,1.4720 0.0000,0.0000,0.0000 
Goal24 23.8265,23.3293,1.4720 0.0000,0.0000,0.0000 
Goal32 1.5254,17.3988,1.3622 0.0000,0.0000,0.0000 
Goal31 5.1351,17.2202,1.4217 0.0000,0.0000,0.0000 
Goal30 7.7262,17.2143,1.3941 0.0000,0.0000,0.0000 
Goal29 11.0689,17.3593,1.3437 0.0000,0.0000,0.0000 
Goal28 14.2039,17.3306,1.4720 0.0000,0.0000,0.0000 
Goal27 17.6652,17.3306,1.4720 0.0000,0.0000,0.0000 
Goal26 20.5134,17.3306,1.4720 0.0000,0.0000,0.0000 
Goal25 23.8265,17.3306,1.4720 0.0000,0.0000,0.0000 
Goal33 1.5254,11.1603,1.4720 0.0000,0.0000,0.0000 
Goal34 5.1351,11.1207,-0.0345 0.0000,0.0000,0.0000 
Goal35 7.7262,11.1207,1.4720 0.0000,0.0000,0.0000 
Goal36 11.0689,11.1207,1.4306 0.0000,0.0000,0.0000 
Goal51 14.2039,11.0921,1.4720 0.0000,0.0000,0.0000 
Goal52 17.6652,11.0921,1.4720 0.0000,0.0000,0.0000 
Goal53 20.5134,11.0921,1.4720 0.0000,0.0000,0.0000 
Goal55 23.8265,11.0921,1.4720 0.0000,0.0000,0.0000 
Goal42 1.5254,4.9817,1.4720 0.0000,0.0000,0.0000 
Goal41 5.1351,4.9421,1.3289 0.0000,0.0000,0.0000 
Goal40 7.7262,4.9421,1.4295 0.0000,0.0000,0.0000 
Goal39 11.0689,4.9421,1.4720 0.0000,0.0000,0.0000 
Goal44 14.2039,4.9135,1.4720 0.0000,0.0000,0.0000 
Goal45 17.6652,4.9135,1.4720 0.0000,0.0000,0.0000 
Goal46 20.5134,4.9135,1.4720 0.0000,0.0000,0.0000 
Goal47 23.8265,4.9135,1.4720 0.0000,0.0000,0.0000
# previous format
#  3.0, +0.5, +0.2
#  0.2, +0.4, -0.8
#  0.0, +9.0, +0.2
#  0.0,-4.33, -2.1 