init state : -608.416971030494 3714.95325652266
end position : 4882.00033994676 2052.00018745423
1
-20.6264806247096
1
10.8274642419088
3.17253575809118
14.1533703800457
1000000000
1
10.8291623814052
3.17083761859476
14.1454943190728
1000000000
1
10.8291623814052
3.17083761859476
14.1454943190728
1000000000
1
10.831572459038
3.16842754096197
14.1354607769465
1000000000
1
10.8358989107164
3.16410108928365
14.1263051358953
1000000000
1
10.8358989107164
3.16410108928365
14.1263051358953
1000000000
1
10.8358989107164
3.16410108928365
14.1263051358953
1000000000
1
10.8358989107164
3.16410108928365
14.1263051358953
1000000000
1
10.8358989107164
3.16410108928365
14.1263051358953
1000000000
1
10.763565684868
3.23643431513199
14.0011181871372
1000000000
1
10.763565684868
3.23643431513199
14.0011181871372
1000000000
1
10.763565684868
3.23643431513199
14.0011181871372
1000000000
1
10.763565684868
3.23643431513199
14.0011181871372
1000000000
1
10.5553336226066
3.44466637739344
13.8084519234738
1000000000
1
10.5553336226066
3.44466637739344
13.8084519234738
1000000000
1
10.5553336226066
3.44466637739344
13.8084519234738
1000000000
1
10.5553336226066
3.44466637739344
13.8084519234738
1000000000
0
10.4189954639163
1000000000
13.6499989784457
1000000000
2
13.6660048069942
1000000000
3.58114458634133
1000000000
0
10.4188554136587
1000000000
13.6660048069942
1000000000
2
13.6889136681687
1000000000
3.57799182448923
1000000000
0
10.4220081755108
1000000000
13.6889136681687
1000000000
2
13.6889136681687
1000000000
3.57799182448923
1000000000
0
10.4220081755108
1000000000
13.6889136681687
1000000000
2
13.7085846066283
1000000000
3.56487666776082
1000000000
0
10.4426958554016
1000000000
13.7137717287323
1000000000
2
13.7137717287323
1000000000
3.5573041445984
1000000000
1
10.4426958554016
3.5573041445984
13.7137717287323
1000000000
1
10.4426958554016
3.5573041445984
13.7137717287323
1000000000
1
10.4949849274736
3.50501507252639
13.7309399771876
1000000000
1
10.5077273711978
3.49227262880224
13.7323973759209
1000000000
0
10.5077273711978
1000000000
13.7323973759209
1000000000
2
13.7323973759209
1000000000
3.49227262880224
1000000000
0
10.5077273711978
1000000000
13.7323973759209
1000000000
2
13.7323973759209
1000000000
3.49227262880224
1000000000
0
10.42325023915
1000000000
13.7007928502343
1000000000
2
13.7007928502343
1000000000
3.57674976085004
1000000000
0
10.42325023915
1000000000
13.7007928502343
1000000000
2
13.7007928502343
1000000000
3.57674976085004
1000000000
0
10.42325023915
1000000000
13.7007928502343
1000000000
2
13.7007928502343
1000000000
3.57674976085004
1000000000
0
10.3642470209748
1000000000
13.63339838844
1000000000
2
13.63339838844
1000000000
3.63575297902522
1000000000
0
10.3642470209748
1000000000
13.63339838844
1000000000
2
13.63339838844
1000000000
3.63575297902522
1000000000
0
10.3642470209748
1000000000
13.63339838844
1000000000
2
13.5461941349208
1000000000
3.71503805568114
1000000000
0
10.2849619443189
1000000000
13.5461941349208
1000000000
2
13.5461941349208
10.2849619443189
3.71503805568114
1000000000
1
10.2849619443189
3.71503805568114
13.5461941349208
1000000000
0
10.2849619443189
1000000000
13.5461941349208
1000000000
2
13.4392403010473
1000000000
3.73667547753768
1000000000
0
10.2331218680025
1000000000
13.3869309719224
1000000000
2
13.3869309719224
1000000000
3.76687813199748
1000000000
0
10.1694405285566
1000000000
13.3409180587363
1000000000
2
13.3409180587363
1000000000
3.83055947144339
1000000000
0
10.1694405285566
1000000000
13.3409180587363
1000000000
2
13.3409180587363
1000000000
3.83055947144339
1000000000
0
10.1694405285566
1000000000
13.3409180587363
1000000000
2
13.3409180587363
1000000000
3.83055947144339
1000000000
0
10.1547278818241
1000000000
13.3814192717269
1000000000
2
13.3814192717269
1000000000
3.84527211817594
1000000000
0
10.1547278818241
1000000000
13.3814192717269
1000000000
2
13.3814192717269
1000000000
3.84527211817594
1000000000
0
10.1707542849571
1000000000
13.337309133557
1000000000
0
13.3212294301855
1000000000
1000000000
1000000000
1
13.3212294301855
13.3212294301855
1000000000
1000000000
1
13.3212294301855
13.3212294301855
1000000000
1000000000
1
13.2867170980654
13.2867170980654
1000000000
1000000000
1
13.2904183663128
13.2904183663128
1000000000
1000000000
1
13.2700868031891
13.2700868031891
1000000000
1000000000
1
13.2625870857085
13.2625870857085
1000000000
1000000000
1
13.2625870857085
13.2625870857085
1000000000
1000000000
1
13.2625870857085
13.2625870857085
1000000000
1000000000
1
13.2625870857085
13.2625870857085
1000000000
1000000000
1
13.2625870857085
13.2625870857085
1000000000
1000000000
1
13.1885276115668
13.1885276115668
1000000000
1000000000
1
13.1885276115668
13.1885276115668
1000000000
1000000000
1
13.1885276115668
13.1885276115668
1000000000
1000000000
1
13.1885276115668
13.1885276115668
1000000000
1000000000
1
13.1613007112628
13.1613007112628
1000000000
1000000000
2
13.1613007112628
13.1613007112628
10.3374190163427
1000000000
2
13.1613007112628
10.3374190163427
3.66258098365727
1000000000
1
10.3374190163427
3.66258098365727
13.1613007112628
1000000000
1
10.3374190163427
3.66258098365727
13.1613007112628
1000000000
1
10.3374190163427
3.66258098365727
13.1613007112628
1000000000
1
10.3374190163427
3.66258098365727
13.1613007112628
1000000000
1
10.3374190163427
3.66258098365727
13.1613007112628
1000000000
1
10.3461618714713
3.65383812852871
13.1482245888277
1000000000
1
10.3461618714713
3.65383812852871
13.1482245888277
1000000000
1
10.3461618714713
3.65383812852871
13.1482245888277
1000000000
1
10.3461618714713
3.65383812852871
13.1482245888277
1000000000
1
10.3461618714713
3.65383812852871
13.1482245888277
1000000000
1
10.3461618714713
3.65383812852871
1000000000
1000000000
1
10.33704888365
3.66295111635003
1000000000
1000000000
1
10.33704888365
3.66295111635003
13.1607761340645
1000000000
1
10.33704888365
3.66295111635003
1000000000
1000000000
1
10.33704888365
3.66295111635003
1000000000
1000000000
1
10.3863550677
3.61364493230003
1000000000
1000000000
1
10.3863550677
3.61364493230003
1000000000
1000000000
1
10.3863550677
3.61364493230003
1000000000
1000000000
1
10.3863550677
3.61364493230003
1000000000
1000000000
1
10.3863550677
3.61364493230003
1000000000
1000000000
1
10.3863550677
3.61364493230003
1000000000
1000000000
1
10.3863550677
3.61364493230003
1000000000
1000000000
1
10.431255626237
3.56874437376297
1000000000
1000000000
1
10.4110662219592
3.58893377804083
1000000000
1000000000
1
10.4110662219592
3.58893377804083
1000000000
1000000000
1
10.3900448948078
3.60995510519219
1000000000
1000000000
1
10.3900448948078
3.60995510519219
1000000000
1000000000
1
10.3900448948078
3.60995510519219
1000000000
1000000000
1
10.3900448948078
3.60995510519219
1000000000
1000000000
1
10.3900448948078
3.60995510519219
1000000000
1000000000
1
10.3350275257472
3.6649724742528
1000000000
1000000000
1
10.3350275257472
3.6649724742528
1000000000
1000000000
1
10.3350275257472
3.6649724742528
1000000000
1000000000
1
10.3350275257472
3.6649724742528
1000000000
1000000000
1
10.3620462182464
3.63795378175358
1000000000
1000000000
1
10.3620462182464
3.63795378175358
1000000000
1000000000
1
10.3620462182464
3.63795378175358
1000000000
1000000000
1
10.3620462182464
3.63795378175358
1000000000
1000000000
1
10.3386323018728
3.66136769812718
1000000000
1000000000
1
10.3387318204241
3.66126817957594
1000000000
1000000000
1
10.3387318204241
3.66126817957594
1000000000
1000000000
1
10.3387318204241
3.66126817957594
1000000000
1000000000
1
10.3387318204241
3.66126817957594
1000000000
1000000000
1
10.3387318204241
3.66126817957594
1000000000
1000000000
1
10.3443704364456
3.6556295635544
1000000000
1000000000
1
10.3443704364456
3.6556295635544
1000000000
1000000000
0
10.3443704364456
1000000000
1000000000
1000000000
8
1000000000
1000000000
1000000000
1000000000
8
1000000000
1000000000
1000000000
1000000000
8
1000000000
1000000000
1000000000
1000000000
8
1000000000
1000000000
1000000000
1000000000
8
1000000000
1000000000
1000000000
1000000000
8
1000000000
1000000000
1000000000
1000000000
8
1000000000
1000000000
1000000000
1000000000
8
1000000000
1000000000
1000000000
1000000000
8
1000000000
1000000000
1000000000
1000000000
8
1000000000
1000000000
1000000000
1000000000
8
1000000000
1000000000
1000000000
1000000000
8
1000000000
1000000000
1000000000
1000000000
8
1000000000
1000000000
1000000000
1000000000
8
1000000000
1000000000
1000000000
1000000000
8
1000000000
1000000000
1000000000
1000000000
8
1000000000
1000000000
1000000000
1000000000
8
1000000000
1000000000
1000000000
1000000000
8
1000000000
1000000000
1000000000
1000000000
8
1000000000
1000000000
1000000000
1000000000
8
1000000000
1000000000
1000000000
1000000000
8
1000000000
1000000000
1000000000
1000000000
8
1000000000
1000000000
1000000000
1000000000
8
1000000000
1000000000
1000000000
1000000000
8
1000000000
1000000000
1000000000
1000000000
8
1000000000
1000000000
1000000000
1000000000
8
1000000000
1000000000
1000000000
1000000000
8
1000000000
1000000000
1000000000
1000000000
8
1000000000
1000000000
1000000000
1000000000
8
1000000000
1000000000
1000000000
1000000000
8
1000000000
1000000000
1000000000
1000000000
8
1000000000
1000000000
1000000000
1000000000
2
12.8298100951248
10.4036879318506
3.59631206814939
1000000000
1
10.4036879318506
3.59631206814939
12.8298100951248
1000000000
1
10.4036879318506
3.59631206814939
12.8298100951248
1000000000
1
10.4036879318506
3.59631206814939
12.8298100951248
1000000000
1
10.4036879318506
3.59631206814939
12.8298100951248
1000000000
1
10.3323648104396
3.66763518956041
12.8754655202838
1000000000
1
10.2989083864737
3.70109161352635
12.8908730043651
1000000000
1
10.2840315613002
3.7159684386998
12.9007786163378
1000000000
1
10.2840315613002
3.7159684386998
12.9007786163378
1000000000
1
10.2402152703682
3.7597847296318
12.9259517249385
1000000000
1
10.2102081714367
3.78979182856327
12.9417635156804
1000000000
1
10.22528104904
3.77471895096004
12.9337961582756
1000000000
1
10.2254520838152
3.77454791618479
12.9340633472187
1000000000
1
10.2256949296594
3.77430507034055
12.9348969012821
1000000000
1
10.2256949296594
3.77430507034055
12.9348969012821
1000000000
1
10.2111719899457
3.78882801005431
12.9437103709702
1000000000
1
10.2111719899457
3.78882801005431
12.9437103709702
1000000000
1
10.2111719899457
3.78882801005431
12.9437103709702
1000000000
1
10.2111719899457
3.78882801005431
12.9437103709702
1000000000
1
10.2398757853638
3.76012421463624
12.927170420195
1000000000
1
10.2552704985881
3.74472950141188
12.9202686927753
1000000000
1
10.2264149086154
3.77358509138464
12.9377377034445
1000000000
1
10.2111717210545
3.7888282789455
12.9437096028213
1000000000
1
10.1821349332873
3.81786506671266
12.9603608136354
1000000000
1
10.1643678662767
3.8356321337233
12.9652158907116
1000000000
1
10.1656383131654
3.83436168683463
12.9666952340422
1000000000
1
10.1645153512202
3.83548464877977
12.965419637613
1000000000
1
10.1645153512202
3.83548464877977
12.965419637613
1000000000
1
10.1645153512202
3.83548464877977
12.965419637613
1000000000
1
10.1645153512202
3.83548464877977
12.965419637613
1000000000
1
10.1189159014292
3.88108409857079
12.9872499628243
1000000000
1
10.1052778195639
3.89472218043613
13.0053618364723
1000000000
1
10.0885791720905
3.91142082790951
13.0117482452052
1000000000
1
10.084728474999
3.91527152500104
13.039607198532
1000000000
1
10.084728474999
3.91527152500104
13.039607198532
1000000000
1
10.084728474999
3.91527152500104
13.039607198532
1000000000
1
10.0468158116508
3.95318418834921
13.0450922440295
1000000000
1
10.0468158116508
3.95318418834921
13.0450922440295
1000000000
1
10.0468158116508
3.95318418834921
13.0450922440295
1000000000
1
9.98611948141309
4.01388051858691
13.0822811723473
1000000000
1
9.95804450636379
4.04195549363621
13.1038200817962
1000000000
1
9.94263363786071
4.05736636213929
13.1120076107675
1000000000
1
9.94263363786071
4.05736636213929
13.1120076107675
1000000000
1
9.94263363786071
4.05736636213929
13.1120076107675
1000000000
1
9.94263363786071
4.05736636213929
13.1120076107675
1000000000
1
9.94263363786071
4.05736636213929
13.1120076107675
1000000000
1
9.94263363786071
4.05736636213929
13.1120076107675
1000000000
1
9.94263363786071
4.05736636213929
13.1120076107675
1000000000
1
9.94263363786071
4.05736636213929
13.1120076107675
1000000000
1
9.94263363786071
4.05736636213929
13.1120076107675
1000000000
1
9.76827697537492
4.23172302462508
13.2802927783547
1000000000
1
9.75374102036894
4.24625897963106
13.2906685006466
1000000000
1
9.75374102036894
4.24625897963106
13.2906685006466
1000000000
1
9.75374102036894
4.24625897963106
13.2906685006466
1000000000
1
9.75374102036894
4.24625897963106
13.2906685006466
1000000000
1
9.75374102036894
4.24625897963106
13.2906685006466
1000000000
1
9.62218009590153
4.37781990409847
13.3832991203124
1000000000
1
9.61306289647413
4.38693710352587
13.4011171979471
1000000000
1
9.61306289647413
4.38693710352587
13.4011171979471
1000000000
1
9.61306289647413
4.38693710352587
13.4011171979471
1000000000
1
9.61306289647413
4.38693710352587
13.4011171979471
1000000000
1
9.61306289647413
4.38693710352587
13.4011171979471
1000000000
1
9.58751506026653
4.41248493973347
13.4447606135329
1000000000
1
9.59771716787411
4.40228283212589
13.4557646652898
1000000000
1
9.60770214733649
4.39229785266351
13.4619381396922
1000000000
1
9.59400076232079
4.40599923767921
13.4474898934622
1000000000
1
9.59546430261253
4.40453569738747
13.4497412319298
1000000000
1
9.59546430261253
4.40453569738747
13.4497412319298
1000000000
1
9.59796548784462
4.40203451215538
13.4538855186995
1000000000
1
9.60197653969878
4.39802346030122
13.4607047018043
1000000000
1
9.6201560773793
4.3798439226207
13.4585572438725
1000000000
1
9.6201560773793
4.3798439226207
13.4585572438725
1000000000
1
9.6201560773793
4.3798439226207
13.4585572438725
1000000000
1
9.6201560773793
4.3798439226207
13.4585572438725
1000000000
1
9.6201560773793
4.3798439226207
13.4585572438725
1000000000
1
9.66766861476705
4.33233138523295
13.4859425265439
1000000000
1
9.66766861476705
4.33233138523295
13.4859425265439
1000000000
1
9.66766861476705
4.33233138523295
13.4859425265439
1000000000
1
9.69409200389176
4.30590799610824
13.5108737469478
1000000000
1
9.72571006185751
4.27428993814249
13.5194390689973
1000000000
1
9.72571006185751
4.27428993814249
13.5194390689973
1000000000
1
9.72571006185751
4.27428993814249
13.5194390689973
1000000000
1
9.72571006185751
4.27428993814249
13.5194390689973
1000000000
1
9.72571006185751
4.27428993814249
13.5194390689973
1000000000
0
9.72571006185751
1000000000
13.5194390689973
1000000000
2
13.5194390689973
9.72571006185751
4.27428993814249
1000000000
0
9.72571006185751
1000000000
13.5194390689973
1000000000
2
13.5556710640023
1000000000
4.18919510771156
1000000000
0
9.81080489228844
1000000000
13.5556710640023
1000000000
2
13.5556710640023
1000000000
4.18919510771156
1000000000
0
9.81080489228844
1000000000
13.5556710640023
1000000000
2
13.5171531277482
1000000000
4.28733110358101
1000000000
0
9.69354181077142
1000000000
13.510091042999
1000000000
2
13.510091042999
1000000000
4.30645818922858
1000000000
0
9.69354181077142
1000000000
13.510091042999
1000000000
2
13.510091042999
1000000000
4.30645818922858
1000000000
0
9.79043979889068
1000000000
13.5520312095175
1000000000
2
13.5631971828501
1000000000
4.18123047027013
1000000000
0
9.85252229856208
1000000000
13.5810365736965
1000000000
2
13.5810365736965
1000000000
4.14747770143792
1000000000
0
9.85252229856208
1000000000
13.5810365736965
1000000000
2
13.5810365736965
1000000000
4.14747770143792
1000000000
0
9.85252229856208
1000000000
13.5810365736965
1000000000
2
13.5810365736965
1000000000
4.14747770143792
1000000000
0
9.69409200389176
1000000000
13.5108737469478
1000000000
2
13.0134586597897
1000000000
4.71521534502858
1000000000
0
9.29653360842685
1000000000
13.023267626091
1000000000
2
13.023267626091
1000000000
4.70346639157315
1000000000
0
9.29653360842685
1000000000
13.023267626091
1000000000
2
13.023267626091
1000000000
4.70346639157315
1000000000
0
9.29653360842685
1000000000
13.023267626091
1000000000
2
13.023267626091
1000000000
4.70346639157315
1000000000
0
9.29653360842685
1000000000
13.023267626091
1000000000
0
13.0549919027639
1000000000
1000000000
1000000000
0
13.0549919027639
1000000000
1000000000
1000000000
0
4.51335263267506
13.0549919027639
1000000000
1000000000
1
9.48664736732494
4.51335263267506
1000000000
1000000000
1
9.48664736732494
4.51335263267506
1000000000
1000000000
1
9.48664736732494
4.51335263267506
1000000000
1000000000
1
9.48664736732494
4.51335263267506
1000000000
1000000000
1
9.35505138568861
4.64494861431139
1000000000
1000000000
1
9.35505138568861
4.64494861431139
1000000000
1000000000
1
9.35505138568861
4.64494861431139
1000000000
1000000000
1
9.34814604984907
4.65185395015093
1000000000
1000000000
1
9.34814604984907
4.65185395015093
1000000000
1000000000
1
9.34814604984907
4.65185395015093
1000000000
1000000000
1
9.34814604984907
4.65185395015093
1000000000
1000000000
1
9.34814604984907
4.65185395015093
1000000000
1000000000
1
9.34814604984907
4.65185395015093
1000000000
1000000000
1
9.37383943083825
4.62616056916175
1000000000
1000000000
1
9.37383943083825
4.62616056916175
1000000000
1000000000
1
9.37383943083825
4.62616056916175
1000000000
1000000000
1
9.37383943083825
4.62616056916175
1000000000
1000000000
1
9.36781186275461
4.63218813724539
1000000000
1000000000
1
9.36276674703222
4.63723325296778
1000000000
1000000000
1
9.36827744497633
4.63172255502367
1000000000
1000000000
1
9.36416487162312
4.63583512837688
1000000000
1000000000
1
9.36416487162312
4.63583512837688
13.4089756586687
1000000000
1
9.36416487162312
4.63583512837688
13.4089756586687
1000000000
1
9.36416487162312
4.63583512837688
1000000000
1000000000
1
9.36416487162312
4.63583512837688
1000000000
1000000000
1
9.43707424847505
4.56292575152495
13.5061300486193
1000000000
1
9.43707424847505
4.56292575152495
13.5061300486193
1000000000
1
9.43707424847505
4.56292575152495
13.5061300486193
1000000000
1
9.46005085983331
4.53994914016669
13.5426750511182
1000000000
1
9.46124272162326
4.53875727837674
13.5412674539007
1000000000
1
9.46124272162326
4.53875727837674
13.5412674539007
1000000000
1
9.46124272162326
4.53875727837674
13.5412674539007
1000000000
1
9.46124272162326
4.53875727837674
13.5412674539007
1000000000
1
9.46124272162326
4.53875727837674
13.5412674539007
1000000000
1
9.46124272162326
4.53875727837674
13.5412674539007
1000000000
1
9.46124272162326
4.53875727837674
13.5412674539007
1000000000
1
9.43974270609198
4.56025729390802
13.5110806687511
1000000000
1
9.43973817134751
4.56026182865249
13.5110879745368
1000000000
1
9.43973817134751
4.56026182865249
13.5110879745368
1000000000
1
9.43973817134751
4.56026182865249
13.5110879745368
1000000000
1
9.40535623912372
4.59464376087628
13.4643313166866
1000000000
1
9.40535623912372
4.59464376087628
13.4643313166866
1000000000
1
9.40535623912372
4.59464376087628
13.4643313166866
1000000000
1
9.40535623912372
4.59464376087628
13.4643313166866
1000000000
1
9.36326004240821
4.63673995759179
13.404990657543
1000000000
1
9.36326004240821
4.63673995759179
13.404990657543
1000000000
1
9.36326004240821
4.63673995759179
13.404990657543
1000000000
1
9.36326004240821
4.63673995759179
13.404990657543
1000000000
1
9.36326004240821
4.63673995759179
13.404990657543
1000000000
1
9.36326004240821
4.63673995759179
13.404990657543
1000000000
1
9.30480766121863
4.69519233878137
13.318674173227
1000000000
1
9.29558106037941
4.70441893962059
13.2828529643306
1000000000
1
9.26849334589817
4.73150665410183
13.280066929286
1000000000
1
9.26849334589817
4.73150665410183
13.280066929286
1000000000
1
9.26849334589817
4.73150665410183
13.280066929286
1000000000
1
9.26849334589817
4.73150665410183
13.280066929286
1000000000
1
9.26849334589817
4.73150665410183
13.280066929286
1000000000
1
9.24423092050136
4.75576907949864
13.254622929599
1000000000
1
9.24423092050136
4.75576907949864
13.254622929599
1000000000
1
9.24423092050136
4.75576907949864
13.254622929599
1000000000
1
9.24423092050136
4.75576907949864
13.254622929599
1000000000
1
9.24423092050136
4.75576907949864
13.254622929599
1000000000
1
9.26848997518559
4.73151002481441
13.2800807953501
1000000000
1
9.26848997518559
4.73151002481441
13.2800807953501
1000000000
1
9.26848997518559
4.73151002481441
13.2800807953501
1000000000
1
9.29071046937951
4.70928953062049
13.306060681
1000000000
1
9.29071046937951
4.70928953062049
13.306060681
1000000000
1
9.31528368634377
4.68471631365623
13.3315718129213
1000000000
1
9.31528368634377
4.68471631365623
13.3315718129213
1000000000
1
9.31528368634377
4.68471631365623
13.3315718129213
1000000000
1
9.34076417499464
4.65923582500536
13.356750540605
1000000000
1
9.35519478406027
4.64480521593973
13.3692624698617
1000000000
1
9.37099709818398
4.62900290181602
13.3807645162444
1000000000
1
9.38425317100012
4.61574682899988
13.3935816130165
1000000000
1
9.38404669300004
4.61595330699996
13.3935016675109
1000000000
1
9.39673671793868
4.60326328206132
13.4061684505384
1000000000
1
9.4093005150689
4.5906994849311
13.4187336204115
1000000000
1
9.4093005150689
4.5906994849311
13.4187336204115
1000000000
1
9.4093005150689
4.5906994849311
13.4187336204115
1000000000
1
9.4093005150689
4.5906994849311
13.4187336204115
1000000000
1
9.4093005150689
4.5906994849311
13.4187336204115
1000000000
1
9.4093005150689
4.5906994849311
13.4187336204115
1000000000
1
9.4093005150689
4.5906994849311
13.4187336204115
1000000000
1
9.4093005150689
4.5906994849311
13.4187336204115
1000000000
1
9.54437954350949
4.4556204564905
13.4869466126093
1000000000
1
9.57148453628447
4.42851546371553
13.5119501417287
1000000000
1
9.58482237969687
4.41517762030314
13.5242867146367
1000000000
8
1000000000
1000000000
1000000000
1000000000
8
1000000000
1000000000
1000000000
1000000000
8
1000000000
1000000000
1000000000
1000000000
8
1000000000
1000000000
1000000000
1000000000
8
1000000000
1000000000
1000000000
1000000000
8
1000000000
1000000000
1000000000
1000000000
8
1000000000
1000000000
1000000000
1000000000
8
1000000000
1000000000
1000000000
1000000000
8
1000000000
1000000000
1000000000
1000000000
8
1000000000
1000000000
1000000000
1000000000
8
1000000000
1000000000
1000000000
1000000000
8
1000000000
1000000000
1000000000
1000000000
8
1000000000
1000000000
1000000000
1000000000
8
1000000000
1000000000
1000000000
1000000000
8
1000000000
1000000000
1000000000
1000000000
8
1000000000
1000000000
1000000000
1000000000
8
1000000000
1000000000
1000000000
1000000000
8
1000000000
1000000000
1000000000
1000000000
8
1000000000
1000000000
1000000000
1000000000
8
1000000000
1000000000
1000000000
1000000000
8
1000000000
1000000000
1000000000
1000000000
8
1000000000
1000000000
1000000000
1000000000
8
1000000000
1000000000
1000000000
1000000000
8
1000000000
1000000000
1000000000
1000000000
8
1000000000
1000000000
1000000000
1000000000
8
1000000000
1000000000
1000000000
1000000000
8
1000000000
1000000000
1000000000
1000000000
8
1000000000
1000000000
1000000000
1000000000
8
1000000000
1000000000
1000000000
1000000000
8
1000000000
1000000000
1000000000
1000000000
8
1000000000
1000000000
1000000000
1000000000
8
1000000000
1000000000
1000000000
1000000000
8
1000000000
1000000000
1000000000
1000000000
8
1000000000
1000000000
1000000000
1000000000
8
1000000000
1000000000
1000000000
1000000000
8
1000000000
1000000000
1000000000
1000000000
8
1000000000
1000000000
1000000000
1000000000
8
1000000000
1000000000
1000000000
1000000000
8
1000000000
1000000000
1000000000
1000000000
8
1000000000
1000000000
1000000000
1000000000
8
1000000000
1000000000
1000000000
1000000000
8
1000000000
1000000000
1000000000
1000000000
8
1000000000
1000000000
1000000000
1000000000
8
1000000000
1000000000
1000000000
1000000000
8
1000000000
1000000000
1000000000
1000000000
8
1000000000
1000000000
1000000000
1000000000
8
1000000000
1000000000
1000000000
1000000000
8
1000000000
1000000000
1000000000
1000000000
8
1000000000
1000000000
1000000000
1000000000
8
1000000000
1000000000
1000000000
1000000000
8
1000000000
1000000000
1000000000
1000000000
8
1000000000
1000000000
1000000000
1000000000
8
1000000000
1000000000
1000000000
1000000000
8
1000000000
1000000000
1000000000
1000000000
8
1000000000
1000000000
1000000000
1000000000
8
1000000000
1000000000
1000000000
1000000000
8
1000000000
1000000000
1000000000
1000000000
8
1000000000
1000000000
1000000000
1000000000
8
1000000000
1000000000
1000000000
1000000000
8
1000000000
1000000000
1000000000
1000000000
8
1000000000
1000000000
1000000000
1000000000
8
1000000000
1000000000
1000000000
1000000000
8
1000000000
1000000000
1000000000
1000000000
8
1000000000
1000000000
1000000000
1000000000
8
1000000000
1000000000
1000000000
1000000000
8
1000000000
1000000000
1000000000
1000000000
8
1000000000
1000000000
1000000000
1000000000
8
1000000000
1000000000
1000000000
1000000000
8
1000000000
1000000000
1000000000
1000000000
8
1000000000
1000000000
1000000000
1000000000
8
1000000000
1000000000
1000000000
1000000000
8
1000000000
1000000000
1000000000
1000000000
8
1000000000
1000000000
1000000000
1000000000
8
1000000000
1000000000
1000000000
1000000000
1
1000000000
4.33970223832323
13.8890150040452
1000000000
1
1000000000
4.33970223832323
13.8890150040452
1000000000
1
1000000000
4.33970223832323
13.8890150040452
1000000000
